3.767787170410156250e+02 3.943448791503906250e+02 3.958747253417968750e+02 4.443886718750000000e+02 4.565547180175781250e+02 4.137474975585937500e+02 3.770944519042968750e+02 3.799580993652343750e+02 3.967221069335937500e+02 3.727911682128906250e+02 3.910726623535156250e+02 4.175610961914062500e+02 4.033700866699218750e+02 4.320555725097656250e+02 4.297673339843750000e+02 4.019682617187500000e+02 4.579522705078125000e+02 4.483838806152343750e+02 4.177251281738281250e+02 4.799987182617187500e+02 4.459216308593750000e+02 4.178559570312500000e+02 4.034064331054687500e+02 3.785266113281250000e+02
3.943448181152343750e+02 2.968519897460937500e+02 3.681866455078125000e+02 4.480270385742187500e+02 4.672644958496093750e+02 3.936401062011718750e+02 3.225563964843750000e+02 3.193254089355468750e+02 3.460069274902343750e+02 3.567996826171875000e+02 3.452358398437500000e+02 3.716088867187500000e+02 4.140039672851562500e+02 4.362381286621093750e+02 4.006995239257812500e+02 3.281231384277343750e+02 4.130933837890625000e+02 4.231817321777343750e+02 4.231666564941406250e+02 4.919085998535156250e+02 4.667729492187500000e+02 3.610027770996093750e+02 3.596244201660156250e+02 3.677376403808593750e+02
3.958746948242187500e+02 3.681869201660156250e+02 3.051856994628906250e+02 4.189980163574218750e+02 3.838240661621093750e+02 3.913906860351562500e+02 3.130560607910156250e+02 3.160183410644531250e+02 3.357696838378906250e+02 3.174340820312500000e+02 3.363018798828125000e+02 3.890097045898437500e+02 3.739515686035156250e+02 3.702521667480468750e+02 3.940174865722656250e+02 3.570292358398437500e+02 3.885317687988281250e+02 4.045339050292968750e+02 3.876317749023437500e+02 4.258904724121093750e+02 4.003441772460937500e+02 3.748907775878906250e+02 3.814289245605468750e+02 3.494090270996093750e+02
4.443888244628906250e+02 4.480273132324218750e+02 4.189980163574218750e+02 4.219240417480468750e+02 4.608993835449218750e+02 4.312795410156250000e+02 4.078906555175781250e+02 4.021497497558593750e+02 4.204465026855468750e+02 4.075129089355468750e+02 4.325949401855468750e+02 4.435851135253906250e+02 4.384475708007812500e+02 4.422781066894531250e+02 4.599487915039062500e+02 4.413317871093750000e+02 4.484505615234375000e+02 4.970019836425781250e+02 4.394913940429687500e+02 4.648034973144531250e+02 4.176628417968750000e+02 4.547947082519531250e+02 4.247808532714843750e+02 4.399212036132812500e+02
4.565549316406250000e+02 4.672646789550781250e+02 3.838240661621093750e+02 4.608995666503906250e+02 3.879864807128906250e+02 4.477652587890625000e+02 4.029418640136718750e+02 4.112442932128906250e+02 4.221019592285156250e+02 3.970623474121093750e+02 4.166829833984375000e+02 4.607461242675781250e+02 4.212156677246093750e+02 4.026280212402343750e+02 4.514783630371093750e+02 4.444799499511718750e+02 4.437719116210937500e+02 4.715972900390625000e+02 4.411301879882812500e+02 4.503131408691406250e+02 4.211398010253906250e+02 4.699474487304687500e+02 4.571152343750000000e+02 4.214247436523437500e+02
4.137474670410156250e+02 3.936401672363281250e+02 3.913905029296875000e+02 4.312794799804687500e+02 4.477651062011718750e+02 3.755970458984375000e+02 3.620808715820312500e+02 3.489355773925781250e+02 3.761587829589843750e+02 3.776435546875000000e+02 3.767414550781250000e+02 3.863622436523437500e+02 4.021570739746093750e+02 4.031091613769531250e+02 4.149804687500000000e+02 3.831578063964843750e+02 4.218718872070312500e+02 4.644808959960937500e+02 4.061587219238281250e+02 4.549006042480468750e+02 4.115174560546875000e+02 3.920677795410156250e+02 3.840734558105468750e+02 3.874273986816406250e+02
3.770945129394531250e+02 3.225565795898437500e+02 3.130559692382812500e+02 4.078907165527343750e+02 4.029417114257812500e+02 3.620809326171875000e+02 2.707256469726562500e+02 2.739017028808593750e+02 3.079826965332031250e+02 3.034651489257812500e+02 3.084237976074218750e+02 3.481544189453125000e+02 3.668864440917968750e+02 3.659089965820312500e+02 3.744028015136718750e+02 3.151082763671875000e+02 3.646096801757812500e+02 3.983906250000000000e+02 3.709855346679687500e+02 4.292991333007812500e+02 3.982513122558593750e+02 3.284473876953125000e+02 3.437544250488281250e+02 3.328102416992187500e+02
3.799581909179687500e+02 3.193255004882812500e+02 3.160181884765625000e+02 4.021497192382812500e+02 4.112442321777343750e+02 3.489356079101562500e+02 2.739017028808593750e+02 2.416248931884765625e+02 2.925964660644531250e+02 2.992839050292968750e+02 3.010005493164062500e+02 3.307595214843750000e+02 3.665905456542968750e+02 3.567898254394531250e+02 3.696051940917968750e+02 3.062159729003906250e+02 3.503947143554687500e+02 4.073874206542968750e+02 3.597357788085937500e+02 4.219359741210937500e+02 3.873569030761718750e+02 3.085599365234375000e+02 3.286499328613281250e+02 3.299754638671875000e+02
3.967221679687500000e+02 3.460069580078125000e+02 3.357695312500000000e+02 4.204465942382812500e+02 4.221018981933593750e+02 3.761588134765625000e+02 3.079827575683593750e+02 2.925964660644531250e+02 3.056202087402343750e+02 3.288492736816406250e+02 3.295785827636718750e+02 3.616122741699218750e+02 3.868794555664062500e+02 3.777554931640625000e+02 3.881283264160156250e+02 3.365991821289062500e+02 3.792126770019531250e+02 4.185162048339843750e+02 3.875871887207031250e+02 4.406231384277343750e+02 4.099692077636718750e+02 3.507601013183593750e+02 3.555928649902343750e+02 3.515409240722656250e+02
3.727912292480468750e+02 3.567998352050781250e+02 3.174339599609375000e+02 4.075129089355468750e+02 3.970621032714843750e+02 3.776437072753906250e+02 3.034652404785156250e+02 2.992840270996093750e+02 3.288493041992187500e+02 2.725817871093750000e+02 3.323954772949218750e+02 3.833199462890625000e+02 3.636786804199218750e+02 3.779128112792968750e+02 3.997664794921875000e+02 3.593946838378906250e+02 4.033750000000000000e+02 4.166300964355468750e+02 3.679864501953125000e+02 4.222407531738281250e+02 3.949853515625000000e+02 3.517880249023437500e+02 3.662696838378906250e+02 3.304753112792968750e+02
3.910726623535156250e+02 3.452359008789062500e+02 3.363017578125000000e+02 4.325949401855468750e+02 4.166829223632812500e+02 3.767415466308593750e+02 3.084237060546875000e+02 3.010007019042968750e+02 3.295785217285156250e+02 3.323955078125000000e+02 3.062644042968750000e+02 3.605728759765625000e+02 3.741534729003906250e+02 3.671008300781250000e+02 3.804192504882812500e+02 3.305212707519531250e+02 3.919875488281250000e+02 4.100529174804687500e+02 3.833031311035156250e+02 4.456481323242187500e+02 4.181824951171875000e+02 3.512851257324218750e+02 3.646211242675781250e+02 3.335838317871093750e+02
4.175611572265625000e+02 3.716089172363281250e+02 3.890095825195312500e+02 4.435851135253906250e+02 4.607459716796875000e+02 3.863622741699218750e+02 3.481543579101562500e+02 3.307595214843750000e+02 3.616121520996093750e+02 3.833197937011718750e+02 3.605729370117187500e+02 3.528736572265625000e+02 4.120770874023437500e+02 4.019528198242187500e+02 4.022905273437500000e+02 3.602087707519531250e+02 4.032675781250000000e+02 4.538775939941406250e+02 4.123035278320312500e+02 4.706783142089843750e+02 4.295848388671875000e+02 3.765227050781250000e+02 3.745756530761718750e+02 3.871645507812500000e+02
4.033702087402343750e+02 4.140040283203125000e+02 3.739515686035156250e+02 4.384476318359375000e+02 4.212155456542968750e+02 4.021570129394531250e+02 3.668865051269531250e+02 3.665905456542968750e+02 3.868795471191406250e+02 3.636787719726562500e+02 3.741534423828125000e+02 4.120770263671875000e+02 3.625672302246093750e+02 3.916187133789062500e+02 4.181301269531250000e+02 3.994333801269531250e+02 4.400934448242187500e+02 4.458513183593750000e+02 3.994960937500000000e+02 4.493789062500000000e+02 4.138721008300781250e+02 4.109023132324218750e+02 4.064901733398437500e+02 3.623922424316406250e+02
4.320556945800781250e+02 4.362383117675781250e+02 3.702521972656250000e+02 4.422781677246093750e+02 4.026279602050781250e+02 4.031092834472656250e+02 3.659091186523437500e+02 3.567900390625000000e+02 3.777556762695312500e+02 3.779130249023437500e+02 3.671010742187500000e+02 4.019528503417968750e+02 3.916188964843750000e+02 3.415470886230468750e+02 4.077265930175781250e+02 3.977734069824218750e+02 4.073900146484375000e+02 4.544709472656250000e+02 4.038342590332031250e+02 4.315934753417968750e+02 3.934583435058593750e+02 4.125331726074218750e+02 4.146296997070312500e+02 3.825152893066406250e+02
4.297673034667968750e+02 4.006996154785156250e+02 3.940174255371093750e+02 4.599487915039062500e+02 4.514783020019531250e+02 4.149804687500000000e+02 3.744029235839843750e+02 3.696052551269531250e+02 3.881282348632812500e+02 3.997665100097656250e+02 3.804193725585937500e+02 4.022907104492187500e+02 4.181300964355468750e+02 4.077266235351562500e+02 3.973965454101562500e+02 3.877563781738281250e+02 4.275015563964843750e+02 4.493795471191406250e+02 4.321002197265625000e+02 4.771830749511718750e+02 4.400672912597656250e+02 4.173967590332031250e+02 4.086678771972656250e+02 3.983049621582031250e+02
4.019682006835937500e+02 3.281232299804687500e+02 3.570291137695312500e+02 4.413316345214843750e+02 4.444798278808593750e+02 3.831578369140625000e+02 3.151081542968750000e+02 3.062158813476562500e+02 3.365991210937500000e+02 3.593945922851562500e+02 3.305213012695312500e+02 3.602088317871093750e+02 3.994333801269531250e+02 3.977731628417968750e+02 3.877564086914062500e+02 3.047102966308593750e+02 3.863879394531250000e+02 4.181222229003906250e+02 4.073205261230468750e+02 4.683775024414062500e+02 4.398693542480468750e+02 3.501471862792968750e+02 3.605988464355468750e+02 3.616817932128906250e+02
4.579523315429687500e+02 4.130935668945312500e+02 3.885317687988281250e+02 4.484505310058593750e+02 4.437717895507812500e+02 4.218720397949218750e+02 3.646097412109375000e+02 3.503949279785156250e+02 3.792127380371093750e+02 4.033751220703125000e+02 3.919878540039062500e+02 4.032677307128906250e+02 4.400935363769531250e+02 4.073900451660156250e+02 4.275015563964843750e+02 3.863880004882812500e+02 3.483280334472656250e+02 4.705742492675781250e+02 4.393154296875000000e+02 4.639421386718750000e+02 4.130983886718750000e+02 4.157685546875000000e+02 4.116593017578125000e+02 4.419793090820312500e+02
4.483839111328125000e+02 4.231819152832031250e+02 4.045338134765625000e+02 4.970020751953125000e+02 4.715972290039062500e+02 4.644808654785156250e+02 3.983907165527343750e+02 4.073873901367187500e+02 4.185162048339843750e+02 4.166301879882812500e+02 4.100528564453125000e+02 4.538777160644531250e+02 4.458513488769531250e+02 4.544709472656250000e+02 4.493795471191406250e+02 4.181222229003906250e+02 4.705742187500000000e+02 4.324379882812500000e+02 4.667167663574218750e+02 5.166993408203125000e+02 4.963735656738281250e+02 4.622218017578125000e+02 4.480745239257812500e+02 4.181029663085937500e+02
4.177252502441406250e+02 4.231668090820312500e+02 3.876318054199218750e+02 4.394914245605468750e+02 4.411300048828125000e+02 4.061587829589843750e+02 3.709856262207031250e+02 3.597357482910156250e+02 3.875870666503906250e+02 3.679865417480468750e+02 3.833031616210937500e+02 4.123034667968750000e+02 3.994959716796875000e+02 4.038341674804687500e+02 4.321001892089843750e+02 4.073205566406250000e+02 4.393154296875000000e+02 4.667166442871093750e+02 3.823919067382812500e+02 4.511906127929687500e+02 4.156673583984375000e+02 4.104352111816406250e+02 4.051466979980468750e+02 3.774475708007812500e+02
4.799988403320312500e+02 4.919088439941406250e+02 4.258904418945312500e+02 4.648035888671875000e+02 4.503133544921875000e+02 4.549006958007812500e+02 4.292991943359375000e+02 4.219360351562500000e+02 4.406231689453125000e+02 4.222409667968750000e+02 4.456483459472656250e+02 4.706784362792968750e+02 4.493789672851562500e+02 4.315935058593750000e+02 4.771833190917968750e+02 4.683776550292968750e+02 4.639421997070312500e+02 5.166994628906250000e+02 4.511907043457031250e+02 4.455627441406250000e+02 4.253062438964843750e+02 4.819615783691406250e+02 4.615572204589843750e+02 4.510027160644531250e+02
4.459217834472656250e+02 4.667731628417968750e+02 4.003442687988281250e+02 4.176628723144531250e+02 4.211398010253906250e+02 4.115174865722656250e+02 3.982513427734375000e+02 3.873570251464843750e+02 4.099692687988281250e+02 3.949854431152343750e+02 4.181826477050781250e+02 4.295849914550781250e+02 4.138722534179687500e+02 3.934584350585937500e+02 4.400673217773437500e+02 4.398696289062500000e+02 4.130984497070312500e+02 4.963736877441406250e+02 4.156673583984375000e+02 4.253063049316406250e+02 3.558516235351562500e+02 4.428209228515625000e+02 4.229164428710937500e+02 4.306522827148437500e+02
4.178559570312500000e+02 3.610029296875000000e+02 3.748905944824218750e+02 4.547946777343750000e+02 4.699470825195312500e+02 3.920679626464843750e+02 3.284473876953125000e+02 3.085599365234375000e+02 3.507600097656250000e+02 3.517881164550781250e+02 3.512850646972656250e+02 3.765227966308593750e+02 4.109022827148437500e+02 4.125329284667968750e+02 4.173966979980468750e+02 3.501471557617187500e+02 4.157683105468750000e+02 4.622216491699218750e+02 4.104353027343750000e+02 4.819615478515625000e+02 4.428205566406250000e+02 3.439112243652343750e+02 3.754103393554687500e+02 3.749560852050781250e+02
4.034064025878906250e+02 3.596244201660156250e+02 3.814287414550781250e+02 4.247807617187500000e+02 4.571150512695312500e+02 3.840733947753906250e+02 3.437543029785156250e+02 3.286498413085937500e+02 3.555926513671875000e+02 3.662695312500000000e+02 3.646211242675781250e+02 3.745755004882812500e+02 4.064901428222656250e+02 4.146295471191406250e+02 4.086679077148437500e+02 3.605988464355468750e+02 4.116591796875000000e+02 4.480742187500000000e+02 4.051465454101562500e+02 4.615571594238281250e+02 4.229162902832031250e+02 3.754102783203125000e+02 3.498394775390625000e+02 3.784827575683593750e+02
3.785265502929687500e+02 3.677377319335937500e+02 3.494087829589843750e+02 4.399210815429687500e+02 4.214244079589843750e+02 3.874273986816406250e+02 3.328102111816406250e+02 3.299754028320312500e+02 3.515408630371093750e+02 3.304751892089843750e+02 3.335837402343750000e+02 3.871645202636718750e+02 3.623921813964843750e+02 3.825151672363281250e+02 3.983049621582031250e+02 3.616817626953125000e+02 4.419791564941406250e+02 4.181028442382812500e+02 3.774473876953125000e+02 4.510025024414062500e+02 4.306521911621093750e+02 3.749561157226562500e+02 3.784827575683593750e+02 3.017031860351562500e+02
