1.600783538818359375e+02 1.957257080078125000e+02 2.035803070068359375e+02 1.821183929443359375e+02 1.797671203613281250e+02 2.035897674560546875e+02 1.992652435302734375e+02 2.115591278076171875e+02 1.930286865234375000e+02 1.944714508056640625e+02 1.918696289062500000e+02 1.934398345947265625e+02 1.730432891845703125e+02 1.996885681152343750e+02 1.648462066650390625e+02 1.951546936035156250e+02 1.889792327880859375e+02 1.948111877441406250e+02 1.978351898193359375e+02 2.063984375000000000e+02 2.084472503662109375e+02 2.364393463134765625e+02 1.854969329833984375e+02 2.011325073242187500e+02
1.957257232666015625e+02 1.635563354492187500e+02 1.902879638671875000e+02 2.011278076171875000e+02 1.791058654785156250e+02 1.771711578369140625e+02 1.724594116210937500e+02 1.920874023437500000e+02 1.794559326171875000e+02 1.898346405029296875e+02 1.929502716064453125e+02 1.846984100341796875e+02 2.012546386718750000e+02 1.897297668457031250e+02 1.723991851806640625e+02 1.768492279052734375e+02 1.743419494628906250e+02 2.043906555175781250e+02 2.002756652832031250e+02 1.944832916259765625e+02 1.799231872558593750e+02 2.045522918701171875e+02 2.036352996826171875e+02 1.882512969970703125e+02
2.035803222656250000e+02 1.902880249023437500e+02 1.465103454589843750e+02 1.983609313964843750e+02 1.757850646972656250e+02 1.611796417236328125e+02 1.897011871337890625e+02 1.680385284423828125e+02 1.773959503173828125e+02 1.840534210205078125e+02 1.704393920898437500e+02 1.803982086181640625e+02 1.855726470947265625e+02 1.859722747802734375e+02 2.006483154296875000e+02 2.100628356933593750e+02 2.235293884277343750e+02 1.793159637451171875e+02 1.903986511230468750e+02 1.846348876953125000e+02 1.760547943115234375e+02 1.813511810302734375e+02 1.968740692138671875e+02 1.686065216064453125e+02
1.821181488037109375e+02 2.011277313232421875e+02 1.983607177734375000e+02 1.273086624145507812e+02 1.649300689697265625e+02 1.967019653320312500e+02 1.962502746582031250e+02 1.958842773437500000e+02 1.872994842529296875e+02 1.906006622314453125e+02 1.957563476562500000e+02 1.885882415771484375e+02 1.660086364746093750e+02 1.805258483886718750e+02 1.759565124511718750e+02 2.230614318847656250e+02 2.225811767578125000e+02 1.802731323242187500e+02 1.839809112548828125e+02 1.867530059814453125e+02 1.841118621826171875e+02 2.217004089355468750e+02 1.661610717773437500e+02 1.799391021728515625e+02
1.797670288085937500e+02 1.791058044433593750e+02 1.757850341796875000e+02 1.649301605224609375e+02 1.533202209472656250e+02 1.713117370605468750e+02 1.745288848876953125e+02 1.774676818847656250e+02 1.726164093017578125e+02 1.765226440429687500e+02 1.735732269287109375e+02 1.710260772705078125e+02 1.708086700439453125e+02 1.745818634033203125e+02 1.683413238525390625e+02 1.931088562011718750e+02 1.938150177001953125e+02 1.747402648925781250e+02 1.810876312255859375e+02 1.772446289062500000e+02 1.696944580078125000e+02 1.978005523681640625e+02 1.754326782226562500e+02 1.707329254150390625e+02
2.035897521972656250e+02 1.771712188720703125e+02 1.611796264648437500e+02 1.967021636962890625e+02 1.713118438720703125e+02 1.423985443115234375e+02 1.677946014404296875e+02 1.628422698974609375e+02 1.726897888183593750e+02 1.754362182617187500e+02 1.713058013916015625e+02 1.705828094482421875e+02 1.918645019531250000e+02 1.786911621093750000e+02 1.926543884277343750e+02 1.954444580078125000e+02 2.034077911376953125e+02 1.834479064941406250e+02 1.877148590087890625e+02 1.740374908447265625e+02 1.572358093261718750e+02 1.727585296630859375e+02 1.955064239501953125e+02 1.644785003662109375e+02
1.992651367187500000e+02 1.724593505859375000e+02 1.897010803222656250e+02 1.962504425048828125e+02 1.745288238525390625e+02 1.677945556640625000e+02 1.510336914062500000e+02 1.857580566406250000e+02 1.744418945312500000e+02 1.890767364501953125e+02 1.957021331787109375e+02 1.777662658691406250e+02 2.033416442871093750e+02 1.802456665039062500e+02 1.702109527587890625e+02 1.669486999511718750e+02 1.716389617919921875e+02 2.075318756103515625e+02 2.015270690917968750e+02 1.889755706787109375e+02 1.681407928466796875e+02 1.944010162353515625e+02 2.091444244384765625e+02 1.805193939208984375e+02
2.115591125488281250e+02 1.920875091552734375e+02 1.680385131835937500e+02 1.958844146728515625e+02 1.774676666259765625e+02 1.628422393798828125e+02 1.857580261230468750e+02 1.575664520263671875e+02 1.858094482421875000e+02 1.780714263916015625e+02 1.713083801269531250e+02 1.786619110107421875e+02 1.914455566406250000e+02 1.857494049072265625e+02 2.075847167968750000e+02 2.163711547851562500e+02 2.192630767822265625e+02 1.764822692871093750e+02 1.842008666992187500e+02 1.801895446777343750e+02 1.663561859130859375e+02 1.877778930664062500e+02 1.901778106689453125e+02 1.707769470214843750e+02
1.930286254882812500e+02 1.794559020996093750e+02 1.773958740234375000e+02 1.872996063232421875e+02 1.726164093017578125e+02 1.726897583007812500e+02 1.744419250488281250e+02 1.858094329833984375e+02 1.680079193115234375e+02 1.896387634277343750e+02 1.882895050048828125e+02 1.814727325439453125e+02 1.908693695068359375e+02 1.817421722412109375e+02 1.736491088867187500e+02 1.852127075195312500e+02 1.910511016845703125e+02 1.957188110351562500e+02 1.970763702392578125e+02 1.905689239501953125e+02 1.780550231933593750e+02 1.963963928222656250e+02 1.989052276611328125e+02 1.785335540771484375e+02
1.944714508056640625e+02 1.898346557617187500e+02 1.840534820556640625e+02 1.906008911132812500e+02 1.765227050781250000e+02 1.754362640380859375e+02 1.890767822265625000e+02 1.780714874267578125e+02 1.896387634277343750e+02 1.637541809082031250e+02 1.676656341552734375e+02 1.759225006103515625e+02 1.808633270263671875e+02 1.902525634765625000e+02 1.941008605957031250e+02 2.128083648681640625e+02 2.040486755371093750e+02 1.703041687011718750e+02 1.839918365478515625e+02 1.842744750976562500e+02 1.724888153076171875e+02 2.040211639404296875e+02 1.771558074951171875e+02 1.818841400146484375e+02
1.918696441650390625e+02 1.929503784179687500e+02 1.704394073486328125e+02 1.957565002441406250e+02 1.735734100341796875e+02 1.713058624267578125e+02 1.957022247314453125e+02 1.713084411621093750e+02 1.882895050048828125e+02 1.676657104492187500e+02 1.485424652099609375e+02 1.745224304199218750e+02 1.715462646484375000e+02 1.897792053222656250e+02 1.989297790527343750e+02 2.215167694091796875e+02 2.142652587890625000e+02 1.608878021240234375e+02 1.798351135253906250e+02 1.824523468017578125e+02 1.762269592285156250e+02 1.999280090332031250e+02 1.747955169677734375e+02 1.764679565429687500e+02
1.934398345947265625e+02 1.846984863281250000e+02 1.803981933593750000e+02 1.885883789062500000e+02 1.710261230468750000e+02 1.705828552246093750e+02 1.777663574218750000e+02 1.786619110107421875e+02 1.814727935791015625e+02 1.759224395751953125e+02 1.745223541259765625e+02 1.670448455810546875e+02 1.851180419921875000e+02 1.837739868164062500e+02 1.856461791992187500e+02 2.001245727539062500e+02 1.966471862792968750e+02 1.815890808105468750e+02 1.880556945800781250e+02 1.817820892333984375e+02 1.690562133789062500e+02 1.974975433349609375e+02 1.878092803955078125e+02 1.770246429443359375e+02
1.730433349609375000e+02 2.012547149658203125e+02 1.855726165771484375e+02 1.660088195800781250e+02 1.708087310791015625e+02 1.918645019531250000e+02 2.033416900634765625e+02 1.914456024169921875e+02 1.908693847656250000e+02 1.808633575439453125e+02 1.715461578369140625e+02 1.851180267333984375e+02 1.487901458740234375e+02 1.901807250976562500e+02 1.811427154541015625e+02 2.196743164062500000e+02 2.171779327392578125e+02 1.694646759033203125e+02 1.833187255859375000e+02 1.902264404296875000e+02 1.935536804199218750e+02 2.222412109375000000e+02 1.683687438964843750e+02 1.835853729248046875e+02
1.996884155273437500e+02 1.897297058105468750e+02 1.859721984863281250e+02 1.805259704589843750e+02 1.745818939208984375e+02 1.786911010742187500e+02 1.802456054687500000e+02 1.857492828369140625e+02 1.817421112060546875e+02 1.902524566650390625e+02 1.897791290283203125e+02 1.837739105224609375e+02 1.901806182861328125e+02 1.757918853759765625e+02 1.844583587646484375e+02 2.042325439453125000e+02 2.063015136718750000e+02 1.915285491943359375e+02 1.949823760986328125e+02 1.883901062011718750e+02 1.770269165039062500e+02 2.041123809814453125e+02 1.939640197753906250e+02 1.805552673339843750e+02
1.648461456298828125e+02 1.723992156982421875e+02 2.006482238769531250e+02 1.759566802978515625e+02 1.683413085937500000e+02 1.926543579101562500e+02 1.702110137939453125e+02 2.075846405029296875e+02 1.736491241455078125e+02 1.941007690429687500e+02 1.989296417236328125e+02 1.856461029052734375e+02 1.811426544189453125e+02 1.844584197998046875e+02 1.295597534179687500e+02 1.550259094238281250e+02 1.534244232177734375e+02 2.047053833007812500e+02 1.997776184082031250e+02 2.017209625244140625e+02 1.942429351806640625e+02 2.231798553466796875e+02 1.960235748291015625e+02 1.949263610839843750e+02
1.951546020507812500e+02 1.768492889404296875e+02 2.100627899169921875e+02 2.230616149902343750e+02 1.931088867187500000e+02 1.954445037841796875e+02 1.669488067626953125e+02 2.163712158203125000e+02 1.852128295898437500e+02 2.128082885742187500e+02 2.215166473388671875e+02 2.001245880126953125e+02 2.196743316650390625e+02 2.042326507568359375e+02 1.550259704589843750e+02 1.257076263427734375e+02 1.446791992187500000e+02 2.391928405761718750e+02 2.263807067871093750e+02 2.216110992431640625e+02 2.050558319091796875e+02 2.241950073242187500e+02 2.368772430419921875e+02 2.120885162353515625e+02
1.889791564941406250e+02 1.743419494628906250e+02 2.235293121337890625e+02 2.225812835693359375e+02 1.938151245117187500e+02 2.034077758789062500e+02 1.716390380859375000e+02 2.192630767822265625e+02 1.910511627197265625e+02 2.040487365722656250e+02 2.142651977539062500e+02 1.966472625732421875e+02 2.171779937744140625e+02 2.063015441894531250e+02 1.534244995117187500e+02 1.446792144775390625e+02 1.276737594604492188e+02 2.311206054687500000e+02 2.199079742431640625e+02 2.206452789306640625e+02 2.039446258544921875e+02 2.375284881591796875e+02 2.242589263916015625e+02 2.174353485107421875e+02
1.948111724853515625e+02 2.043906860351562500e+02 1.793160095214843750e+02 1.802733459472656250e+02 1.747403259277343750e+02 1.834479064941406250e+02 2.075318756103515625e+02 1.764823150634765625e+02 1.957188568115234375e+02 1.703041534423828125e+02 1.608877258300781250e+02 1.815891723632812500e+02 1.694646759033203125e+02 1.915286254882812500e+02 2.047054443359375000e+02 2.391928863525390625e+02 2.311205902099609375e+02 1.503488311767578125e+02 1.785931854248046875e+02 1.849241790771484375e+02 1.805279388427734375e+02 2.111861267089843750e+02 1.645725860595703125e+02 1.806859893798828125e+02
1.978351287841796875e+02 2.002756500244140625e+02 1.903985290527343750e+02 1.839810791015625000e+02 1.810876770019531250e+02 1.877147979736328125e+02 2.015271148681640625e+02 1.842008514404296875e+02 1.970763397216796875e+02 1.839917907714843750e+02 1.798349609375000000e+02 1.880557098388671875e+02 1.833187255859375000e+02 1.949824371337890625e+02 1.997775878906250000e+02 2.263806762695312500e+02 2.199079742431640625e+02 1.785931549072265625e+02 1.777454681396484375e+02 1.908004302978515625e+02 1.835782318115234375e+02 2.156877288818359375e+02 1.762563323974609375e+02 1.842887573242187500e+02
2.063983764648437500e+02 1.944832458496093750e+02 1.846347351074218750e+02 1.867531738281250000e+02 1.772446594238281250e+02 1.740374298095703125e+02 1.889755401611328125e+02 1.801895141601562500e+02 1.905688629150390625e+02 1.842744293212890625e+02 1.824522247314453125e+02 1.817820434570312500e+02 1.902264404296875000e+02 1.883900451660156250e+02 2.017209777832031250e+02 2.216111145019531250e+02 2.206453247070312500e+02 1.849241027832031250e+02 1.908004455566406250e+02 1.744818878173828125e+02 1.708365783691406250e+02 2.015238037109375000e+02 1.901900177001953125e+02 1.774146118164062500e+02
2.084472351074218750e+02 1.799231567382812500e+02 1.760547180175781250e+02 1.841119232177734375e+02 1.696944580078125000e+02 1.572356567382812500e+02 1.681407928466796875e+02 1.663561706542968750e+02 1.780549774169921875e+02 1.724886627197265625e+02 1.762268524169921875e+02 1.690561065673828125e+02 1.935536193847656250e+02 1.770269927978515625e+02 1.942428894042968750e+02 2.050557861328125000e+02 2.039445343017578125e+02 1.805279083251953125e+02 1.835782318115234375e+02 1.708365783691406250e+02 1.461008300781250000e+02 1.821626892089843750e+02 1.869010162353515625e+02 1.659947509765625000e+02
2.364392700195312500e+02 2.045523071289062500e+02 1.813510742187500000e+02 2.217005920410156250e+02 1.978005676269531250e+02 1.727585449218750000e+02 1.944010467529296875e+02 1.877779083251953125e+02 1.963963470458984375e+02 2.040211486816406250e+02 1.999279479980468750e+02 1.974975585937500000e+02 2.222412261962890625e+02 2.041124877929687500e+02 2.231798400878906250e+02 2.241949462890625000e+02 2.375285186767578125e+02 2.111861572265625000e+02 2.156877288818359375e+02 2.015238342285156250e+02 1.821627502441406250e+02 1.869439392089843750e+02 2.257580871582031250e+02 1.862398529052734375e+02
1.854969177246093750e+02 2.036352844238281250e+02 1.968739929199218750e+02 1.661612396240234375e+02 1.754325866699218750e+02 1.955063323974609375e+02 2.091444244384765625e+02 1.901777801513671875e+02 1.989051971435546875e+02 1.771557769775390625e+02 1.747953186035156250e+02 1.878092498779296875e+02 1.683686981201171875e+02 1.939640045166015625e+02 1.960235595703125000e+02 2.368771667480468750e+02 2.242588653564453125e+02 1.645725860595703125e+02 1.762562255859375000e+02 1.901900482177734375e+02 1.869010620117187500e+02 2.257580718994140625e+02 1.473820495605468750e+02 1.863716278076171875e+02
2.011324462890625000e+02 1.882513122558593750e+02 1.686063690185546875e+02 1.799392547607421875e+02 1.707329101562500000e+02 1.644784545898437500e+02 1.805193786621093750e+02 1.707769165039062500e+02 1.785335845947265625e+02 1.818840637207031250e+02 1.764677734375000000e+02 1.770246124267578125e+02 1.835853271484375000e+02 1.805553283691406250e+02 1.949263458251953125e+02 2.120884704589843750e+02 2.174353027343750000e+02 1.806859130859375000e+02 1.842887268066406250e+02 1.774145660400390625e+02 1.659947662353515625e+02 1.862397613525390625e+02 1.863715820312500000e+02 1.595746459960937500e+02
