1.962509155273437500e+02 2.469112854003906250e+02 2.523240661621093750e+02 2.637257385253906250e+02 2.477499542236328125e+02 2.639249877929687500e+02 2.517332305908203125e+02 2.506766967773437500e+02 2.322315826416015625e+02 2.376400604248046875e+02 2.273048553466796875e+02 2.209558105468750000e+02 2.191852111816406250e+02 2.440217437744140625e+02 2.292463531494140625e+02 2.303703460693359375e+02 2.480709686279296875e+02 2.287322387695312500e+02 2.500733489990234375e+02 2.558146972656250000e+02 2.580397033691406250e+02 2.807341613769531250e+02 2.342082366943359375e+02 2.324891204833984375e+02
2.469112091064453125e+02 1.925140533447265625e+02 2.372111053466796875e+02 2.664288635253906250e+02 2.207842102050781250e+02 2.256202697753906250e+02 2.262108764648437500e+02 2.237064361572265625e+02 2.304777374267578125e+02 2.247221069335937500e+02 2.401612396240234375e+02 2.239294433593750000e+02 2.457422790527343750e+02 2.333749847412109375e+02 2.334383544921875000e+02 2.355881500244140625e+02 2.325532836914062500e+02 2.257558593750000000e+02 2.530604400634765625e+02 2.323106689453125000e+02 2.253986511230468750e+02 2.563322753906250000e+02 2.552768096923828125e+02 2.405846405029296875e+02
2.523239593505859375e+02 2.372111206054687500e+02 1.944972534179687500e+02 2.431940002441406250e+02 2.205352783203125000e+02 2.258914031982421875e+02 2.311759643554687500e+02 2.152610321044921875e+02 2.256196136474609375e+02 2.183637542724609375e+02 2.310325775146484375e+02 2.282673187255859375e+02 2.502306060791015625e+02 2.267749023437500000e+02 2.356728210449218750e+02 2.367316436767578125e+02 2.463495025634765625e+02 2.261232147216796875e+02 2.213547973632812500e+02 2.314421539306640625e+02 2.157649383544921875e+02 2.294642333984375000e+02 2.244268798828125000e+02 2.029818572998046875e+02
2.637256469726562500e+02 2.664288024902343750e+02 2.431939697265625000e+02 1.821862945556640625e+02 2.525810394287109375e+02 2.612361145019531250e+02 2.359494476318359375e+02 2.282760925292968750e+02 2.570026855468750000e+02 2.462426147460937500e+02 2.557552185058593750e+02 2.363347778320312500e+02 2.418184967041015625e+02 2.365482482910156250e+02 2.449325408935546875e+02 2.472734985351562500e+02 2.657882690429687500e+02 2.422665405273437500e+02 2.310246582031250000e+02 2.701835327148437500e+02 2.055025024414062500e+02 2.843826293945312500e+02 1.992262878417968750e+02 2.358987274169921875e+02
2.477498931884765625e+02 2.207841033935546875e+02 2.205352478027343750e+02 2.525811614990234375e+02 1.988104858398437500e+02 2.144989166259765625e+02 2.259406127929687500e+02 2.190263671875000000e+02 2.264001007080078125e+02 2.114975280761718750e+02 2.173941345214843750e+02 2.247695770263671875e+02 2.361494293212890625e+02 2.255031280517578125e+02 2.395735778808593750e+02 2.460410919189453125e+02 2.501414947509765625e+02 2.135449829101562500e+02 2.300946502685546875e+02 2.144618835449218750e+02 2.134396209716796875e+02 2.397688293457031250e+02 2.340308837890625000e+02 2.185752716064453125e+02
2.639248962402343750e+02 2.256202850341796875e+02 2.258914184570312500e+02 2.612361450195312500e+02 2.144988861083984375e+02 2.057478027343750000e+02 2.310894927978515625e+02 2.222117614746093750e+02 2.381943664550781250e+02 2.156065673828125000e+02 2.232694244384765625e+02 2.345821380615234375e+02 2.475773773193359375e+02 2.279292449951171875e+02 2.535815429687500000e+02 2.591210327148437500e+02 2.630168151855468750e+02 2.201151123046875000e+02 2.338619842529296875e+02 2.160945892333984375e+02 2.159816741943359375e+02 2.420033721923828125e+02 2.415146636962890625e+02 2.225169677734375000e+02
2.517332000732421875e+02 2.262108459472656250e+02 2.311759948730468750e+02 2.359495086669921875e+02 2.259406433105468750e+02 2.310894775390625000e+02 2.158602294921875000e+02 2.184310913085937500e+02 2.374113922119140625e+02 2.242681579589843750e+02 2.369444427490234375e+02 2.233782043457031250e+02 2.387228698730468750e+02 2.301593627929687500e+02 2.347564697265625000e+02 2.362248382568359375e+02 2.424186096191406250e+02 2.245959167480468750e+02 2.365675659179687500e+02 2.385472717285156250e+02 2.092858886718750000e+02 2.570087585449218750e+02 2.270498199462890625e+02 2.313745880126953125e+02
2.506766357421875000e+02 2.237063751220703125e+02 2.152611083984375000e+02 2.282761840820312500e+02 2.190263824462890625e+02 2.222117614746093750e+02 2.184310455322265625e+02 1.970145568847656250e+02 2.332270202636718750e+02 2.095545959472656250e+02 2.246494445800781250e+02 2.164290924072265625e+02 2.341300811767578125e+02 2.192636260986328125e+02 2.354295196533203125e+02 2.341306304931640625e+02 2.410887451171875000e+02 2.140893249511718750e+02 2.240119323730468750e+02 2.248868408203125000e+02 1.989123382568359375e+02 2.418481445312500000e+02 2.136213226318359375e+02 2.142445678710937500e+02
2.322315673828125000e+02 2.304777679443359375e+02 2.256196441650390625e+02 2.570027465820312500e+02 2.264001159667968750e+02 2.381943511962890625e+02 2.374113769531250000e+02 2.332270355224609375e+02 2.142693023681640625e+02 2.282745666503906250e+02 2.352825164794921875e+02 2.267720489501953125e+02 2.412016448974609375e+02 2.362734069824218750e+02 2.284951629638671875e+02 2.333085479736328125e+02 2.416419219970703125e+02 2.278805389404296875e+02 2.424700012207031250e+02 2.400065002441406250e+02 2.367056427001953125e+02 2.498840637207031250e+02 2.415778503417968750e+02 2.237953948974609375e+02
2.376399993896484375e+02 2.247221527099609375e+02 2.183637847900390625e+02 2.462427368164062500e+02 2.114975738525390625e+02 2.156066436767578125e+02 2.242682495117187500e+02 2.095546569824218750e+02 2.282745056152343750e+02 1.886619873046875000e+02 1.934501647949218750e+02 2.137404479980468750e+02 2.172349853515625000e+02 2.143820953369140625e+02 2.497834167480468750e+02 2.544853057861328125e+02 2.645507812500000000e+02 1.984608612060546875e+02 2.173541259765625000e+02 2.032423858642578125e+02 2.089711151123046875e+02 2.352551422119140625e+02 2.120563812255859375e+02 2.020883789062500000e+02
2.273048858642578125e+02 2.401611938476562500e+02 2.310326843261718750e+02 2.557554168701171875e+02 2.173941802978515625e+02 2.232695159912109375e+02 2.369445190429687500e+02 2.246494750976562500e+02 2.352825164794921875e+02 1.934502258300781250e+02 1.618145294189453125e+02 2.183589324951171875e+02 1.987032928466796875e+02 2.161536254882812500e+02 2.660100097656250000e+02 2.738424682617187500e+02 2.916283874511718750e+02 1.880900878906250000e+02 2.132394714355468750e+02 1.961977996826171875e+02 2.233387451171875000e+02 2.413525238037109375e+02 2.046120758056640625e+02 1.968899078369140625e+02
2.209558258056640625e+02 2.239294891357421875e+02 2.282673797607421875e+02 2.363349609375000000e+02 2.247696990966796875e+02 2.345821838378906250e+02 2.233782501220703125e+02 2.164292144775390625e+02 2.267721405029296875e+02 2.137404632568359375e+02 2.183589477539062500e+02 1.994158630371093750e+02 2.151656799316406250e+02 2.222798309326171875e+02 2.241468811035156250e+02 2.235102386474609375e+02 2.353948516845703125e+02 2.113932647705078125e+02 2.295645904541015625e+02 2.324522399902343750e+02 2.159545135498046875e+02 2.534083862304687500e+02 2.152692718505859375e+02 2.197660827636718750e+02
2.191851959228515625e+02 2.457423858642578125e+02 2.502306213378906250e+02 2.418186187744140625e+02 2.361495666503906250e+02 2.475775146484375000e+02 2.387229156494140625e+02 2.341300964355468750e+02 2.412015991210937500e+02 2.172350616455078125e+02 1.987033691406250000e+02 2.151657409667968750e+02 1.891175689697265625e+02 2.292550506591796875e+02 2.491597290039062500e+02 2.540778503417968750e+02 2.729092712402343750e+02 2.044222869873046875e+02 2.309078674316406250e+02 2.291230468750000000e+02 2.276418914794921875e+02 2.709989318847656250e+02 2.085867462158203125e+02 2.241711273193359375e+02
2.440216217041015625e+02 2.333750000000000000e+02 2.267749176025390625e+02 2.365482940673828125e+02 2.255030670166015625e+02 2.279292907714843750e+02 2.301593322753906250e+02 2.192636108398437500e+02 2.362734069824218750e+02 2.143821258544921875e+02 2.161535186767578125e+02 2.222797546386718750e+02 2.292549438476562500e+02 2.132584381103515625e+02 2.460834045410156250e+02 2.484806518554687500e+02 2.614978027343750000e+02 2.141828918457031250e+02 2.243015441894531250e+02 2.240228271484375000e+02 2.128409271240234375e+02 2.476533966064453125e+02 2.160277557373046875e+02 2.115894165039062500e+02
2.292463073730468750e+02 2.334383239746093750e+02 2.356728515625000000e+02 2.449326477050781250e+02 2.395735778808593750e+02 2.535816345214843750e+02 2.347565002441406250e+02 2.354294586181640625e+02 2.284952087402343750e+02 2.497834320068359375e+02 2.660099792480468750e+02 2.241468048095703125e+02 2.491596832275390625e+02 2.460833892822265625e+02 1.909230499267578125e+02 1.958209228515625000e+02 2.015292510986328125e+02 2.469163055419921875e+02 2.546219940185546875e+02 2.730863952636718750e+02 2.378097534179687500e+02 2.737725219726562500e+02 2.447600555419921875e+02 2.495776062011718750e+02
2.303703460693359375e+02 2.355881958007812500e+02 2.367318420410156250e+02 2.472735595703125000e+02 2.460411987304687500e+02 2.591211547851562500e+02 2.362249450683593750e+02 2.341307678222656250e+02 2.333086242675781250e+02 2.544853515625000000e+02 2.738425598144531250e+02 2.235102081298828125e+02 2.540778808593750000e+02 2.484807281494140625e+02 1.958209991455078125e+02 1.720691223144531250e+02 1.876902313232421875e+02 2.516645507812500000e+02 2.575837402343750000e+02 2.806269226074218750e+02 2.393413696289062500e+02 2.773083190917968750e+02 2.457646484375000000e+02 2.518117218017578125e+02
2.480709686279296875e+02 2.325532989501953125e+02 2.463495483398437500e+02 2.657883911132812500e+02 2.501415863037109375e+02 2.630169372558593750e+02 2.424186401367187500e+02 2.410887451171875000e+02 2.416419372558593750e+02 2.645508117675781250e+02 2.916283569335937500e+02 2.353949279785156250e+02 2.729092712402343750e+02 2.614978637695312500e+02 2.015292968750000000e+02 1.876902008056640625e+02 1.773795166015625000e+02 2.660396728515625000e+02 2.749814453125000000e+02 2.895014038085937500e+02 2.485879821777343750e+02 2.874039306640625000e+02 2.697190246582031250e+02 2.726734619140625000e+02
2.287322540283203125e+02 2.257558898925781250e+02 2.261232910156250000e+02 2.422666778564453125e+02 2.135450439453125000e+02 2.201151733398437500e+02 2.245958862304687500e+02 2.140894470214843750e+02 2.278805847167968750e+02 1.984608764648437500e+02 1.880901184082031250e+02 2.113931884765625000e+02 2.044222259521484375e+02 2.141829071044921875e+02 2.469163665771484375e+02 2.516644897460937500e+02 2.660395812988281250e+02 1.854825286865234375e+02 2.182326660156250000e+02 2.029588928222656250e+02 2.105205535888671875e+02 2.409161224365234375e+02 2.090313110351562500e+02 2.060103454589843750e+02
2.500732421875000000e+02 2.530604248046875000e+02 2.213547973632812500e+02 2.310247802734375000e+02 2.300946655273437500e+02 2.338619689941406250e+02 2.365675201416015625e+02 2.240118865966796875e+02 2.424699859619140625e+02 2.173540344238281250e+02 2.132394256591796875e+02 2.295645141601562500e+02 2.309077606201171875e+02 2.243015441894531250e+02 2.546219177246093750e+02 2.575836486816406250e+02 2.749814147949218750e+02 2.182325744628906250e+02 2.074216918945312500e+02 2.303461456298828125e+02 2.127063903808593750e+02 2.466356353759765625e+02 2.038548126220703125e+02 2.036950988769531250e+02
2.558147277832031250e+02 2.323107604980468750e+02 2.314422607421875000e+02 2.701836853027343750e+02 2.144618835449218750e+02 2.160946655273437500e+02 2.385473022460937500e+02 2.248868103027343750e+02 2.400064697265625000e+02 2.032423706054687500e+02 1.961977539062500000e+02 2.324521179199218750e+02 2.291230163574218750e+02 2.240228424072265625e+02 2.730864257812500000e+02 2.806268615722656250e+02 2.895013732910156250e+02 2.029588623046875000e+02 2.303461914062500000e+02 1.878546905517578125e+02 2.222911529541015625e+02 2.422417755126953125e+02 2.354729461669921875e+02 2.137644042968750000e+02
2.580395202636718750e+02 2.253985748291015625e+02 2.157649536132812500e+02 2.055025482177734375e+02 2.134395751953125000e+02 2.159816284179687500e+02 2.092857818603515625e+02 1.989123382568359375e+02 2.367055816650390625e+02 2.089710388183593750e+02 2.233386383056640625e+02 2.159544525146484375e+02 2.276418609619140625e+02 2.128408660888671875e+02 2.378096466064453125e+02 2.393412780761718750e+02 2.485879058837890625e+02 2.105204010009765625e+02 2.127063903808593750e+02 2.222910308837890625e+02 1.698961639404296875e+02 2.405546112060546875e+02 1.987302551269531250e+02 2.132145080566406250e+02
2.807340698242187500e+02 2.563322143554687500e+02 2.294642333984375000e+02 2.843827514648437500e+02 2.397687835693359375e+02 2.420033569335937500e+02 2.570087585449218750e+02 2.418481445312500000e+02 2.498840637207031250e+02 2.352550354003906250e+02 2.413524780273437500e+02 2.534082641601562500e+02 2.709987792968750000e+02 2.476534271240234375e+02 2.737725830078125000e+02 2.773081970214843750e+02 2.874039001464843750e+02 2.409160461425781250e+02 2.466356811523437500e+02 2.422418060302734375e+02 2.405547332763671875e+02 2.341450347900390625e+02 2.544855957031250000e+02 2.228385314941406250e+02
2.342081604003906250e+02 2.552768249511718750e+02 2.244268341064453125e+02 1.992263946533203125e+02 2.340307617187500000e+02 2.415146484375000000e+02 2.270498657226562500e+02 2.136212768554687500e+02 2.415777435302734375e+02 2.120563354492187500e+02 2.046120300292968750e+02 2.152691955566406250e+02 2.085867004394531250e+02 2.160277404785156250e+02 2.447599639892578125e+02 2.457645874023437500e+02 2.697190246582031250e+02 2.090311889648437500e+02 2.038548278808593750e+02 2.354728698730468750e+02 1.987303314208984375e+02 2.544855041503906250e+02 1.659535217285156250e+02 1.975100402832031250e+02
2.324890594482421875e+02 2.405846099853515625e+02 2.029819030761718750e+02 2.358987731933593750e+02 2.185752868652343750e+02 2.225170288085937500e+02 2.313745880126953125e+02 2.142444610595703125e+02 2.237953491210937500e+02 2.020883636474609375e+02 1.968899078369140625e+02 2.197660217285156250e+02 2.241710357666015625e+02 2.115894622802734375e+02 2.495775909423828125e+02 2.518115692138671875e+02 2.726734313964843750e+02 2.060103302001953125e+02 2.036951751708984375e+02 2.137643432617187500e+02 2.132145385742187500e+02 2.228384704589843750e+02 1.975100708007812500e+02 1.685138397216796875e+02
