1.488497467041015625e+02 1.969218902587890625e+02 1.878196868896484375e+02 1.868965148925781250e+02 1.817771911621093750e+02 1.691268920898437500e+02 1.863621826171875000e+02 1.829975280761718750e+02 1.616093750000000000e+02 1.696221313476562500e+02 1.695859985351562500e+02 1.918347930908203125e+02 1.701856842041015625e+02 1.943318939208984375e+02 1.640398559570312500e+02 1.888622283935546875e+02 1.928809204101562500e+02 1.852772521972656250e+02 1.819025573730468750e+02 1.796239929199218750e+02 1.810869293212890625e+02 2.224832305908203125e+02 1.679501342773437500e+02 1.711183929443359375e+02
1.969218292236328125e+02 1.816947174072265625e+02 2.064577178955078125e+02 2.003890228271484375e+02 2.130829772949218750e+02 1.804091033935546875e+02 2.043333587646484375e+02 1.921665344238281250e+02 1.904689483642578125e+02 1.945668334960937500e+02 2.075079956054687500e+02 2.086209106445312500e+02 2.147671051025390625e+02 2.031064605712890625e+02 1.837756347656250000e+02 1.923450012207031250e+02 2.090439758300781250e+02 2.270300903320312500e+02 2.033969421386718750e+02 1.939664611816406250e+02 1.798091278076171875e+02 2.318576049804687500e+02 1.954440460205078125e+02 2.062729339599609375e+02
1.878197021484375000e+02 2.064577941894531250e+02 1.802001190185546875e+02 2.164508209228515625e+02 2.078004455566406250e+02 1.851403350830078125e+02 2.005430145263671875e+02 1.932086639404296875e+02 1.911544342041015625e+02 1.987579650878906250e+02 1.981513977050781250e+02 2.046988220214843750e+02 1.943567352294921875e+02 2.063499908447265625e+02 1.834527282714843750e+02 1.925228576660156250e+02 1.946773071289062500e+02 2.169098510742187500e+02 1.930957489013671875e+02 2.028242950439453125e+02 1.880545654296875000e+02 2.133951263427734375e+02 1.929705657958984375e+02 1.955669555664062500e+02
1.868963317871093750e+02 2.003889465332031250e+02 2.164506378173828125e+02 1.565492706298828125e+02 2.066771392822265625e+02 1.976617736816406250e+02 2.048001861572265625e+02 1.980072479248046875e+02 1.833824157714843750e+02 1.979849853515625000e+02 2.153306121826171875e+02 2.235139465332031250e+02 2.126000213623046875e+02 1.985652770996093750e+02 1.736645965576171875e+02 1.901938629150390625e+02 1.984314422607421875e+02 2.315321655273437500e+02 2.075182952880859375e+02 1.867073364257812500e+02 1.849889526367187500e+02 2.645684509277343750e+02 1.986702423095703125e+02 2.111718444824218750e+02
1.817771453857421875e+02 2.130830230712890625e+02 2.078003997802734375e+02 2.066772918701171875e+02 1.908650054931640625e+02 1.946821441650390625e+02 2.082634582519531250e+02 2.073376312255859375e+02 1.869390106201171875e+02 1.993375701904296875e+02 1.974271545410156250e+02 2.146238555908203125e+02 1.913410034179687500e+02 2.122896881103515625e+02 1.825721130371093750e+02 1.994668731689453125e+02 2.011547393798828125e+02 2.124662322998046875e+02 2.040510559082031250e+02 2.072348632812500000e+02 2.019172058105468750e+02 2.419602355957031250e+02 1.877266235351562500e+02 1.984951171875000000e+02
1.691268310546875000e+02 1.804091949462890625e+02 1.851402893066406250e+02 1.976618804931640625e+02 1.946821289062500000e+02 1.469500122070312500e+02 1.861700897216796875e+02 1.708515472412109375e+02 1.656271667480468750e+02 1.641314239501953125e+02 1.721969909667968750e+02 1.843544921875000000e+02 1.841656036376953125e+02 1.921997528076171875e+02 1.677290344238281250e+02 1.861040344238281250e+02 2.013622131347656250e+02 1.925559844970703125e+02 1.809004821777343750e+02 1.748072967529296875e+02 1.671154785156250000e+02 2.035782165527343750e+02 1.683847656250000000e+02 1.716715087890625000e+02
1.863621215820312500e+02 2.043334808349609375e+02 2.005429382324218750e+02 2.048003692626953125e+02 2.082633972167968750e+02 1.861700592041015625e+02 1.833141326904296875e+02 1.847564697265625000e+02 1.905679321289062500e+02 1.816592559814453125e+02 1.971222076416015625e+02 2.085914154052734375e+02 1.961774444580078125e+02 2.073939361572265625e+02 1.876617736816406250e+02 2.064090423583984375e+02 2.044100341796875000e+02 2.144866333007812500e+02 1.948806304931640625e+02 1.929765014648437500e+02 1.836932983398437500e+02 2.187514648437500000e+02 1.795731201171875000e+02 1.930517578125000000e+02
1.829975128173828125e+02 1.921665649414062500e+02 1.932085418701171875e+02 1.980073394775390625e+02 2.073375549316406250e+02 1.708515319824218750e+02 1.847565002441406250e+02 1.635555572509765625e+02 1.839967346191406250e+02 1.716809692382812500e+02 1.880601806640625000e+02 1.986696472167968750e+02 1.941179656982421875e+02 1.982524108886718750e+02 1.818302764892578125e+02 2.001509552001953125e+02 2.051962738037109375e+02 2.076440429687500000e+02 1.878146820068359375e+02 1.792992553710937500e+02 1.693881683349609375e+02 2.068409118652343750e+02 1.754120025634765625e+02 1.844787139892578125e+02
1.616093444824218750e+02 1.904689788818359375e+02 1.911543884277343750e+02 1.833825531005859375e+02 1.869390106201171875e+02 1.656271820068359375e+02 1.905679931640625000e+02 1.839967346191406250e+02 1.533704681396484375e+02 1.724421081542968750e+02 1.756632843017578125e+02 1.944414825439453125e+02 1.815528411865234375e+02 1.940878448486328125e+02 1.607987060546875000e+02 1.822157745361328125e+02 1.946828613281250000e+02 1.931589965820312500e+02 1.864344787597656250e+02 1.793884277343750000e+02 1.798486633300781250e+02 2.281660614013671875e+02 1.740415954589843750e+02 1.746810150146484375e+02
1.696219940185546875e+02 1.945669097900390625e+02 1.987578430175781250e+02 1.979850463867187500e+02 1.993375396728515625e+02 1.641314086914062500e+02 1.816591949462890625e+02 1.716809387207031250e+02 1.724420318603515625e+02 1.478343963623046875e+02 1.707845458984375000e+02 1.937539825439453125e+02 1.819758911132812500e+02 2.014549102783203125e+02 1.811861877441406250e+02 2.104899749755859375e+02 2.136874084472656250e+02 1.887664642333984375e+02 1.851627502441406250e+02 1.744579772949218750e+02 1.737654724121093750e+02 2.109332122802734375e+02 1.608879547119140625e+02 1.698521423339843750e+02
1.695860290527343750e+02 2.075081329345703125e+02 1.981513366699218750e+02 2.153308563232421875e+02 1.974272460937500000e+02 1.721970977783203125e+02 1.971222381591796875e+02 1.880602874755859375e+02 1.756633148193359375e+02 1.707845916748046875e+02 1.602464447021484375e+02 1.959302062988281250e+02 1.767471771240234375e+02 2.105998229980468750e+02 1.839937438964843750e+02 2.128204193115234375e+02 2.180531158447265625e+02 1.826266937255859375e+02 1.899176025390625000e+02 1.897240142822265625e+02 1.911805572509765625e+02 2.194119262695312500e+02 1.710496673583984375e+02 1.696568145751953125e+02
1.918347778320312500e+02 2.086210937500000000e+02 2.046987915039062500e+02 2.235141601562500000e+02 2.146237792968750000e+02 1.843545074462890625e+02 2.085915222167968750e+02 1.986697387695312500e+02 1.944415130615234375e+02 1.937539825439453125e+02 1.959300842285156250e+02 1.978982543945312500e+02 2.059140777587890625e+02 2.155278625488281250e+02 1.956969451904296875e+02 2.093870849609375000e+02 2.213531036376953125e+02 2.133147583007812500e+02 2.046555938720703125e+02 2.049922790527343750e+02 1.972871093750000000e+02 2.293206329345703125e+02 1.964789886474609375e+02 1.975239868164062500e+02
1.701856842041015625e+02 2.147671813964843750e+02 1.943567352294921875e+02 2.126001434326171875e+02 1.913410491943359375e+02 1.841656951904296875e+02 1.961775054931640625e+02 1.941180725097656250e+02 1.815528411865234375e+02 1.819759216308593750e+02 1.767471771240234375e+02 2.059141540527343750e+02 1.587826080322265625e+02 2.082275238037109375e+02 1.781005554199218750e+02 2.065001220703125000e+02 1.932990112304687500e+02 1.910763549804687500e+02 1.860124511718750000e+02 1.966376647949218750e+02 1.921131591796875000e+02 2.176654815673828125e+02 1.666876068115234375e+02 1.772651214599609375e+02
1.943318786621093750e+02 2.031064758300781250e+02 2.063497924804687500e+02 1.985653381347656250e+02 2.122895965576171875e+02 1.921997528076171875e+02 2.073939208984375000e+02 1.982523803710937500e+02 1.940877532958984375e+02 2.014548797607421875e+02 2.105997161865234375e+02 2.155277709960937500e+02 2.082273864746093750e+02 1.969693298339843750e+02 1.850940093994140625e+02 1.956750946044921875e+02 2.046470947265625000e+02 2.280143890380859375e+02 2.043170013427734375e+02 1.999846954345703125e+02 1.894471740722656250e+02 2.377735748291015625e+02 1.986488647460937500e+02 2.078332519531250000e+02
1.640398101806640625e+02 1.837756805419921875e+02 1.834526062011718750e+02 1.736647338867187500e+02 1.825720367431640625e+02 1.677290191650390625e+02 1.876617889404296875e+02 1.818303070068359375e+02 1.607986297607421875e+02 1.811862030029296875e+02 1.839937438964843750e+02 1.956968994140625000e+02 1.781004791259765625e+02 1.850939636230468750e+02 1.438708953857421875e+02 1.666074981689453125e+02 1.707487487792968750e+02 2.034828338623046875e+02 1.817561035156250000e+02 1.799178314208984375e+02 1.712274780273437500e+02 2.213526916503906250e+02 1.700096893310546875e+02 1.804955902099609375e+02
1.888621673583984375e+02 1.923450622558593750e+02 1.925227355957031250e+02 1.901939849853515625e+02 1.994668426513671875e+02 1.861040344238281250e+02 2.064090576171875000e+02 2.001510009765625000e+02 1.822158050537109375e+02 2.104900207519531250e+02 2.128203582763671875e+02 2.093870544433593750e+02 2.065000915527343750e+02 1.956751251220703125e+02 1.666074523925781250e+02 1.564957122802734375e+02 1.778057708740234375e+02 2.317427368164062500e+02 1.992992858886718750e+02 2.024919738769531250e+02 1.865068969726562500e+02 2.357811126708984375e+02 2.015224456787109375e+02 2.095679016113281250e+02
1.928808288574218750e+02 2.090440063476562500e+02 1.946772460937500000e+02 1.984315643310546875e+02 2.011546783447265625e+02 2.013621826171875000e+02 2.044100189208984375e+02 2.051962738037109375e+02 1.946828765869140625e+02 2.136874237060546875e+02 2.180530700683593750e+02 2.213530731201171875e+02 1.932989044189453125e+02 2.046470947265625000e+02 1.707487640380859375e+02 1.778057556152343750e+02 1.534737091064453125e+02 2.365402374267578125e+02 1.966438903808593750e+02 2.098322296142578125e+02 1.900817260742187500e+02 2.305858306884765625e+02 1.917629241943359375e+02 2.114424438476562500e+02
1.852773590087890625e+02 2.270302581787109375e+02 2.169098205566406250e+02 2.315323944091796875e+02 2.124662933349609375e+02 1.925561218261718750e+02 2.144867095947265625e+02 2.076442413330078125e+02 1.931590576171875000e+02 1.887666473388671875e+02 1.826267395019531250e+02 2.133148651123046875e+02 1.910764312744140625e+02 2.280144653320312500e+02 2.034829711914062500e+02 2.317428436279296875e+02 2.365403289794921875e+02 1.857724304199218750e+02 2.075419311523437500e+02 2.078878326416015625e+02 2.129662322998046875e+02 2.417341308593750000e+02 1.902281036376953125e+02 1.865509796142578125e+02
1.819025421142578125e+02 2.033969573974609375e+02 1.930956726074218750e+02 2.075184173583984375e+02 2.040510406494140625e+02 1.809005889892578125e+02 1.948806152343750000e+02 1.878146820068359375e+02 1.864344787597656250e+02 1.851627349853515625e+02 1.899175720214843750e+02 2.046556701660156250e+02 1.860124359130859375e+02 2.043171234130859375e+02 1.817561645507812500e+02 1.992994079589843750e+02 1.966439208984375000e+02 2.075419006347656250e+02 1.824295806884765625e+02 1.935925903320312500e+02 1.831934051513671875e+02 2.158346710205078125e+02 1.803745117187500000e+02 1.880091857910156250e+02
1.796238555908203125e+02 1.939665527343750000e+02 2.028240966796875000e+02 1.867073974609375000e+02 2.072347564697265625e+02 1.748072052001953125e+02 1.929764251708984375e+02 1.792992095947265625e+02 1.793883056640625000e+02 1.744579772949218750e+02 1.897239074707031250e+02 2.049922485351562500e+02 1.966375579833984375e+02 1.999846801757812500e+02 1.799178009033203125e+02 2.024918975830078125e+02 2.098321838378906250e+02 2.078877258300781250e+02 1.935925750732421875e+02 1.692348785400390625e+02 1.740534973144531250e+02 2.283858642578125000e+02 1.811573181152343750e+02 1.885040588378906250e+02
1.810867767333984375e+02 1.798091583251953125e+02 1.880544281005859375e+02 1.849889526367187500e+02 2.019171295166015625e+02 1.671153869628906250e+02 1.836932220458984375e+02 1.693881378173828125e+02 1.798485412597656250e+02 1.737653503417968750e+02 1.911803588867187500e+02 1.972870025634765625e+02 1.921130218505859375e+02 1.894471282958984375e+02 1.712274017333984375e+02 1.865068511962890625e+02 1.900815887451171875e+02 2.129660339355468750e+02 1.831932067871093750e+02 1.740534973144531250e+02 1.515386047363281250e+02 2.073119659423828125e+02 1.724967956542968750e+02 1.882790527343750000e+02
2.224832611083984375e+02 2.318577117919921875e+02 2.133950805664062500e+02 2.645686035156250000e+02 2.419602661132812500e+02 2.035782470703125000e+02 2.187514495849609375e+02 2.068410186767578125e+02 2.281661682128906250e+02 2.109332733154296875e+02 2.194118499755859375e+02 2.293206787109375000e+02 2.176654510498046875e+02 2.377736206054687500e+02 2.213527069091796875e+02 2.357812500000000000e+02 2.305858917236328125e+02 2.417341613769531250e+02 2.158346862792968750e+02 2.283860168457031250e+02 2.073121337890625000e+02 2.053774719238281250e+02 2.027379302978515625e+02 2.145020141601562500e+02
1.679500427246093750e+02 1.954441070556640625e+02 1.929705047607421875e+02 1.986703643798828125e+02 1.877265319824218750e+02 1.683847961425781250e+02 1.795731506347656250e+02 1.754120025634765625e+02 1.740415649414062500e+02 1.608879547119140625e+02 1.710495758056640625e+02 1.964789276123046875e+02 1.666875152587890625e+02 1.986488494873046875e+02 1.700096588134765625e+02 2.015225219726562500e+02 1.917629394531250000e+02 1.902279510498046875e+02 1.803745117187500000e+02 1.811573791503906250e+02 1.724968872070312500e+02 2.027378234863281250e+02 1.394007568359375000e+02 1.700813446044921875e+02
1.711184539794921875e+02 2.062729949951171875e+02 1.955669250488281250e+02 2.111719970703125000e+02 1.984951782226562500e+02 1.716716156005859375e+02 1.930518188476562500e+02 1.844787902832031250e+02 1.746811523437500000e+02 1.698522338867187500e+02 1.696568603515625000e+02 1.975239410400390625e+02 1.772651367187500000e+02 2.078333587646484375e+02 1.804956817626953125e+02 2.095679779052734375e+02 2.114424743652343750e+02 1.865509185791015625e+02 1.880092315673828125e+02 1.885041656494140625e+02 1.882792358398437500e+02 2.145020599365234375e+02 1.700814514160156250e+02 1.624332275390625000e+02
